[{"id": 0, "img_name": "0001", "width": 1919, "height": 1073, "position": [-2.297776319992261, 2.8230467387193463, -0.5015606953641683], "rotation": [[0.7600396316675522, -0.3823640669027041, 0.5254878482289346], [0.5911782301784296, 0.7426119709341961, -0.31469947694320693], [-0.2699037948191005, 0.5498410506381393, 0.7904598412161089]], "fy": 1927.474676328361, "fx": 1929.4665803815235}, {"id": 1, "img_name": "0002", "width": 1919, "height": 1073, "position": [-2.3221466275814917, 2.844852633803581, -0.5161837116923019], "rotation": [[0.7603516941479062, -0.3816096748833553, 0.5255847764555487], [0.5906008081775502, 0.7429549698780115, -0.31497396418368856], [-0.27028870969101454, 0.5499017810200136, 0.7902860524168343]], "fy": 1927.474676328361, "fx": 1929.4665803815235}, {"id": 2, "img_name": "0003", "width": 1919, "height": 1073, "position": [-2.3079565234786723, 2.884104888476398, -0.5274827113239817], "rotation": [[0.7604329602971417, -0.38072097024282575, 0.5261114479947067], [0.5902572384862602, 0.7430218311424736, -0.31545990372828603], [-0.2708100908539037, 0.5504271988765151, 0.7897415991504143]], "fy": 1927.474676328361, "fx": 1929.4665803815235}, {"id": 3, "img_name": "0004", "width": 1919, "height": 1073, "position": [-2.1790190001713277, 2.9195346202688683, -0.5859660972070415], "rotation": [[0.7653102751248452, -0.3768378018237078, 0.5218174526642528], [0.585163723810945, 0.7450275314367344, -0.3201833751727188], [-0.2681111693384704, 0.5503882706943906, 0.7906890364473229]], "fy": 1927.474676328361, "fx": 1929.4665803815235}, {"id": 4, "img_name": "0005", "width": 1919, "height": 1073, "position": [-1.9763133985308026, 2.9733097200585674, -0.6336672557413752], "rotation": [[0.7815339451466136, -0.35964705532515123, 0.5097633648856277], [0.5639669373223085, 0.7566404490098043, -0.33081191715162983], [-0.26673204942575857, 0.5460304263666899, 0.7941692434808499]], "fy": 1927.474676328361, "fx": 1929.4665803815235}, {"id": 5, "img_name": "0006", "width": 1919, "height": 1073, "position": [-1.7660729747383344, 3.064925539083948, -0.697439351423507], "rotation": [[0.817135010142599, -0.33392908469966315, 0.4698741763396874], [0.5227157921884303, 0.7728770456995896, -0.35976280078337197], [-0.2430197024853669, 0.5395854321813366, 0.806094898620258]], "fy": 1927.474676328361, "fx": 1929.4665803815235}, {"id": 6, "img_name": "0007", "width": 1919, "height": 1073, "position": [-1.7319425052557, 3.198350753345057, -0.7365893378694757], "rotation": [[0.8739663905630163, -0.2922385122929305, 0.38830323215119933], [0.44720004314704226, 0.7963848076444818, -0.4071650274303347], [-0.19024949297051208, 0.5294977715589333, 0.8267026311428957]], "fy": 1927.474676328361, "fx": 1929.4665803815235}, {"id": 7, "img_name": "0008", "width": 1919, "height": 1073, "position": [-1.5259491329879917, 3.2949063537759056, -0.7720560917855783], "rotation": [[0.9113287054131086, -0.25444730310101465, 0.3236302838652279], [0.38233619494684634, 0.8145921130980531, -0.4361865693851839], [-0.15264018056735512, 0.5212449128989837, 0.8396455895515063]], "fy": 1927.474676328361, "fx": 1929.4665803815235}, {"id": 8, "img_name": "0009", "width": 1919, "height": 1073, "position": [-1.252980739888539, 3.4456381458571492, -0.8460320172656162], "rotation": [[0.939161218210294, -0.21526676369677653, 0.26764982095505463], [0.3204958694769927, 0.8294583554724714, -0.45747265949463006], [-0.12352572144271455, 0.5154212422712314, 0.84798722818073]], "fy": 1927.474676328361, "fx": 1929.4665803815235}, {"id": 9, "img_name": "0010", "width": 1919, "height": 1073, "position": [-0.9465976850666045, 3.615409868760977, -0.8118550078743415], "rotation": [[0.9617059119974452, -0.1579718837331206, 0.22397906772502546], [0.2494577405252389, 0.8430322896151135, -0.4765158909819712], [-0.11354547336289847, 0.5141414616777261, 0.850156446110177]], "fy": 1927.474676328361, "fx": 1929.4665803815235}, {"id": 10, "img_name": "0011", "width": 1919, "height": 1073, "position": [-0.7198934565128767, 3.7041170057512143, -0.734219947357873], "rotation": [[0.9764050630396471, -0.11886461809378816, 0.18028964317442212], [0.1939633178457065, 0.849738317372469, -0.4902275219928908], [-0.09492831084996718, 0.5136302118785682, 0.8527441710412034]], "fy": 1927.474676328361, "fx": 1929.4665803815235}, {"id": 11, "img_name": "0012", "width": 1919, "height": 1073, "position": [-0.42891355785620405, 3.7432432402704294, -0.7187615766417841], "rotation": [[0.9866469650417525, -0.08621482673311154, 0.13818382693093434], [0.14437385730942806, 0.8556663331864433, -0.4969822085113949], [-0.07539201349941362, 0.5102961198193127, 0.8566877578195325]], "fy": 1927.474676328361, "fx": 1929.4665803815235}, {"id": 12, "img_name": "0013", "width": 1919, "height": 1073, "position": [-0.1722382679190242, 3.7189447548691827, -0.6837559312573914], "rotation": [[0.9948211180242984, -0.05024762424928544, 0.08835224609588478], [0.08867852649726563, 0.8538642672950613, -0.5128858859190236], [-0.04966952859811461, 0.5180646574453527, 0.8538980903098861]], "fy": 1927.474676328361, "fx": 1929.4665803815235}, {"id": 13, "img_name": "0014", "width": 1919, "height": 1073, "position": [-0.014997083805035926, 3.6873798539139306, -0.7826435947216188], "rotation": [[0.9994981525991513, -0.0043253429931139915, 0.03138047735257334], [0.02103100222056364, 0.831411175100733, -0.5552595382910742], [-0.02368839159761793, 0.5556408456238708, 0.831084899861565]], "fy": 1927.474676328361, "fx": 1929.4665803815235}, {"id": 14, "img_name": "0015", "width": 1919, "height": 1073, "position": [0.1342484813916933, 3.849127469472925, -0.9280509289980508], "rotation": [[0.9986395446577584, 0.039334454138060096, -0.034232448983471636], [-0.051756250895143484, 0.827670394148212, -0.5588228781499757], [0.006352191670919552, 0.5598343677983735, 0.8285801894160707]], "fy": 1927.474676328361, "fx": 1929.4665803815235}, {"id": 15, "img_name": "0016", "width": 1919, "height": 1073, "position": [0.2903317846999, 3.964448332785958, -1.045628286243871], "rotation": [[0.9925770446655272, 0.08164136581325397, -0.09014154309304002], [-0.11803990687262704, 0.825165093924535, -0.5524211691762138], [0.029281236117170154, 0.5589608708636588, 0.8286768695063176]], "fy": 1927.474676328361, "fx": 1929.4665803815235}, {"id": 16, "img_name": "0017", "width": 1919, "height": 1073, "position": [0.43258719726663075, 3.9062846621478546, -1.0786557882320214], "rotation": [[0.9847531336023224, 0.09752577838405542, -0.14404856268283486], [-0.16140294535812422, 0.8211111467676704, -0.5474719845650584], [0.0648872490565663, 0.5623746146515375, 0.8243327226947903]], "fy": 1927.474676328361, "fx": 1929.4665803815235}, {"id": 17, "img_name": "0018", "width": 1919, "height": 1073, "position": [0.47054246129378025, 3.86878054454643, -0.9506800600546005], "rotation": [[0.9769026793110835, 0.10048948290651896, -0.18858159767062868], [-0.18784245883810055, 0.8245512486814097, -0.5336950898739693], [0.10186444822646877, 0.5567917942311187, 0.8243825156226985]], "fy": 1927.474676328361, "fx": 1929.4665803815235}, {"id": 18, "img_name": "0019", "width": 1919, "height": 1073, "position": [0.5477152647803173, 3.7351099103222105, -0.7240854010970768], "rotation": [[0.9708905511111973, 0.11778711659370124, -0.2085611011850906], [-0.21307979282429726, 0.8224325410144948, -0.5274483077709093], [0.1094008210798727, 0.5565347344460929, 0.8235900373985025]], "fy": 1927.474676328361, "fx": 1929.4665803815235}, {"id": 19, "img_name": "0020", "width": 1919, "height": 1073, "position": [0.7554863195191518, 3.6637668261673393, -0.594761303963855], "rotation": [[0.9661203167069122, 0.12195493403017978, -0.22746104658123315], [-0.22663557553020133, 0.822534756947158, -0.5216060673707449], [0.12348218312870013, 0.5554849842071107, 0.8223068665469092]], "fy": 1927.474676328361, "fx": 1929.4665803815235}, {"id": 20, "img_name": "0021", "width": 1919, "height": 1073, "position": [0.8874524204468293, 3.640521573367604, -0.38885749538547937], "rotation": [[0.9624080328031813, 0.1240632327711032, -0.24161765802667123], [-0.23462447637829625, 0.8278928438035568, -0.5094553898655598], [0.13682884739747206, 0.5469933760597495, 0.8258789942035315]], "fy": 1927.474676328361, "fx": 1929.4665803815235}, {"id": 21, "img_name": "0022", "width": 1919, "height": 1073, "position": [0.9651198893123198, 3.6366011874850512, -0.23395384195573743], "rotation": [[0.9502875973952911, 0.1479232871880753, -0.273993035211042], [-0.2705290858037465, 0.8279114264842705, -0.49130101122526665], [0.15416710404906178, 0.5410003428873725, 0.8267715119819207]], "fy": 1927.474676328361, "fx": 1929.4665803815235}, {"id": 22, "img_name": "0023", "width": 1919, "height": 1073, "position": [1.3493477460633798, 3.504213607504239, -0.35328754856374295], "rotation": [[0.9341080682080812, 0.191031364149746, -0.3015777425800081], [-0.3212133218391803, 0.8183728362261647, -0.47653740965445945], [0.15576944110320767, 0.5420082276480958, 0.8258104881752013]], "fy": 1927.474676328361, "fx": 1929.4665803815235}, {"id": 23, "img_name": "0024", "width": 1919, "height": 1073, "position": [1.5677169116457808, 3.3108941954834266, -0.2586058322775884], "rotation": [[0.8966703958216743, 0.22067610419049494, -0.38377631283901226], [-0.3882745852330246, 0.8084607004897719, -0.44230548518609825], [0.21266181537625495, 0.5456128231657436, 0.810605699139836]], "fy": 1927.474676328361, "fx": 1929.4665803815235}, {"id": 24, "img_name": "0025", "width": 1919, "height": 1073, "position": [1.666378068721089, 3.176589093020376, -0.12021555576777866], "rotation": [[0.8701319150468562, 0.24559872665363433, -0.42726071184114733], [-0.4326016261175824, 0.7959359727743716, -0.42348761531376355], [0.23606415123290958, 0.5533237684302277, 0.7988157007676161]], "fy": 1927.474676328361, "fx": 1929.4665803815235}, {"id": 25, "img_name": "0026", "width": 1919, "height": 1073, "position": [1.8887990336352598, 3.0067983895263906, -0.03981322188361528], "rotation": [[0.8425597799144746, 0.26935306586367475, -0.46641391829608936], [-0.4743823678707393, 0.7812033271828788, -0.4058112007470355], [0.25505761373427516, 0.5631787349574192, 0.7859868485973149]], "fy": 1927.474676328361, "fx": 1929.4665803815235}, {"id": 26, "img_name": "0027", "width": 1919, "height": 1073, "position": [2.113814347038343, 2.8016947236001037, 0.11259696527698015], "rotation": [[0.8124686608122749, 0.29308321005794535, -0.5039810583544178], [-0.5146978013523552, 0.7666009753861184, -0.3839389506420302], [0.2738263107901797, 0.5713363077200522, 0.7736885516794584]], "fy": 1927.474676328361, "fx": 1929.4665803815235}, {"id": 27, "img_name": "0028", "width": 1919, "height": 1073, "position": [2.1664289916444734, 2.691259997876843, 0.2418046786036468], "rotation": [[0.7740489153100776, 0.310464316168354, -0.5517791089678993], [-0.5547663620676198, 0.7525618602785658, -0.3548026634233788], [0.3050943464332817, 0.5807431057190271, 0.7547548508848867]], "fy": 1927.474676328361, "fx": 1929.4665803815235}, {"id": 28, "img_name": "0029", "width": 1919, "height": 1073, "position": [2.336974207929302, 2.548200695250035, 0.36560392356698623], "rotation": [[0.7389783798365925, 0.33001921591521544, -0.5873655346211514], [-0.5932233690208949, 0.7319944817824714, -0.33506732620103435], [0.319369673860221, 0.5960464711469379, 0.7367032073037951]], "fy": 1927.474676328361, "fx": 1929.4665803815235}, {"id": 29, "img_name": "0030", "width": 1919, "height": 1073, "position": [2.5861999292752076, 2.3681999582135655, 0.38689546496943134], "rotation": [[0.696513640664509, 0.3495347227957126, -0.6266531943015974], [-0.629851545922898, 0.7161930806320596, -0.300590254920707], [0.34373795028597975, 0.6040636959914778, 0.7189932355163772]], "fy": 1927.474676328361, "fx": 1929.4665803815235}, {"id": 30, "img_name": "0031", "width": 1919, "height": 1073, "position": [2.8929659159180923, 2.166928354628145, 0.45534327378762424], "rotation": [[0.6529954393578733, 0.3686840967449716, -0.6615655621215196], [-0.6655708079953676, 0.6961815313642838, -0.268973558052969], [0.36140345283659275, 0.6159572324395783, 0.6999887371116508]], "fy": 1927.474676328361, "fx": 1929.4665803815235}, {"id": 31, "img_name": "0032", "width": 1919, "height": 1073, "position": [3.1868929259642904, 2.0416495225335076, 0.4487754660451371], "rotation": [[0.6040968878191973, 0.38473075446669736, -0.6978891005701736], [-0.6979817209927358, 0.6780439329135439, -0.2303865061134272], [0.38456269617213096, 0.6262896068167023, 0.6781392637992595]], "fy": 1927.474676328361, "fx": 1929.4665803815235}, {"id": 32, "img_name": "0033", "width": 1919, "height": 1073, "position": [3.362917752635467, 1.956733251423264, 0.5107574323866515], "rotation": [[0.5564192599546468, 0.4040215140054438, -0.7260607573559339], [-0.7297638099846679, 0.6554400910131815, -0.1945329502405544], [0.39729383180233835, 0.6380947447780634, 0.6595397697625471]], "fy": 1927.474676328361, "fx": 1929.4665803815235}, {"id": 33, "img_name": "0034", "width": 1919, "height": 1073, "position": [3.4973152283048288, 1.8846756334764327, 0.534694426939104], "rotation": [[0.5179257920919494, 0.41348419097997746, -0.748854924331516], [-0.7503847334605862, 0.6399069373172849, -0.16565585821967602], [0.41070138260689104, 0.6477267443782494, 0.6416965318138645]], "fy": 1927.474676328361, "fx": 1929.4665803815235}, {"id": 34, "img_name": "0035", "width": 1919, "height": 1073, "position": [3.6012186937983888, 1.7160609331103693, 0.5305751336867915], "rotation": [[0.4906360180908776, 0.41852862148219394, -0.7642709537540612], [-0.7646164047097872, 0.6274356215816476, -0.14726267150615782], [0.4178971780242205, 0.6566264796447566, 0.6278563648070529]], "fy": 1927.474676328361, "fx": 1929.4665803815235}, {"id": 35, "img_name": "0036", "width": 1919, "height": 1073, "position": [3.717029230352922, 1.5215800132021418, 0.5861801603633136], "rotation": [[0.4593911953895634, 0.4273025938833551, -0.7786990579544222], [-0.7799230574120113, 0.6135869723032673, -0.12341414804150355], [0.42506441172562137, 0.6640207230804368, 0.6151395981434501]], "fy": 1927.474676328361, "fx": 1929.4665803815235}, {"id": 36, "img_name": "0037", "width": 1919, "height": 1073, "position": [3.673780331074159, 1.5023609441052572, 0.6013197423384865], "rotation": [[0.4435371734370515, 0.4310368944003695, -0.7858002108966092], [-0.78659470717016, 0.6074510470346689, -0.11077902377424409], [0.429585314496854, 0.6672409018654127, 0.6084784601335284]], "fy": 1927.474676328361, "fx": 1929.4665803815235}, {"id": 37, "img_name": "0038", "width": 1919, "height": 1073, "position": [3.6894099277564996, 1.384265202659514, 0.6169452558485105], "rotation": [[0.44381015841006977, 0.4320941581340579, -0.7850650812502417], [-0.7872294687023201, 0.6065527348874564, -0.11119147182769828], [0.42813818668590103, 0.6673742715350711, 0.6093515198917137]], "fy": 1927.474676328361, "fx": 1929.4665803815235}, {"id": 38, "img_name": "0039", "width": 1919, "height": 1073, "position": [3.571670514271779, 1.2796250576488872, 0.6364372947218038], "rotation": [[0.44328972016378115, 0.42986812165928273, -0.7865796984274619], [-0.7862286410596507, 0.6079085421134857, -0.11086806755306519], [0.430509869776073, 0.6675781620204307, 0.6074542366457018]], "fy": 1927.474676328361, "fx": 1929.4665803815235}, {"id": 39, "img_name": "0040", "width": 1919, "height": 1073, "position": [3.5157401124456453, 1.3055451079970075, 0.6690189908064134], "rotation": [[0.4482473312014928, 0.43525561437873744, -0.7807860655919309], [-0.7835530696229535, 0.6117198189742542, -0.10882761670896218], [0.4302544795294831, 0.6605690071641974, 0.615247649015354]], "fy": 1927.474676328361, "fx": 1929.4665803815235}, {"id": 40, "img_name": "0041", "width": 1919, "height": 1073, "position": [3.4412482777189948, 1.3138547449207614, 0.6665231526083724], "rotation": [[0.4511735457805241, 0.44041304478158716, -0.7761950667029781], [-0.7798596374278721, 0.6174259952216308, -0.10297614449690015], [0.4338909742074577, 0.6517833155357619, 0.622026632943086]], "fy": 1927.474676328361, "fx": 1929.4665803815235}, {"id": 41, "img_name": "0042", "width": 1919, "height": 1073, "position": [3.2707734243696733, 1.459783463244719, 0.8202060101628662], "rotation": [[0.4482656804087248, 0.4536836271770887, -0.770213636726294], [-0.7867438414286705, 0.6092902819355149, -0.09899232451558924], [0.42437248702261793, 0.650335696983013, 0.630056722436843]], "fy": 1927.474676328361, "fx": 1929.4665803815235}, {"id": 42, "img_name": "0043", "width": 1919, "height": 1073, "position": [3.366303838312033, 1.3736489714418618, 0.9019322112564978], "rotation": [[0.400569398087692, 0.4693454446933233, -0.7869301181561743], [-0.8069272488452712, 0.5875636795368789, -0.06031034372382081], [0.43406517066756894, 0.659153833361159, 0.614087657894721]], "fy": 1927.474676328361, "fx": 1929.4665803815235}, {"id": 43, "img_name": "0044", "width": 1919, "height": 1073, "position": [3.519712761433499, 1.3007983936742937, 0.9409515728811676], "rotation": [[0.35216897477341724, 0.4717164151506164, -0.8083691216792557], [-0.8155733168847057, 0.5783799391251411, -0.0177991798484452], [0.45914831807676193, 0.6655526047541616, 0.5884067915245637]], "fy": 1927.474676328361, "fx": 1929.4665803815235}, {"id": 44, "img_name": "0045", "width": 1919, "height": 1073, "position": [3.6172137763048346, 1.1704918797523622, 0.9749567196612985], "rotation": [[0.32685046782703936, 0.47582757958876426, -0.8165518270042287], [-0.8242081848024319, 0.5662869081315668, 7.604913423115002e-05], [0.4624387957188778, 0.6729838424371635, 0.5772721264989202]], "fy": 1927.474676328361, "fx": 1929.4665803815235}, {"id": 45, "img_name": "0046", "width": 1919, "height": 1073, "position": [3.5733811475947013, 1.0248124690330218, 1.0579549225994065], "rotation": [[0.2877192212759478, 0.4841645195361272, -0.8263185631042748], [-0.8337333336012295, 0.5512003422815511, 0.0326636052952188], [0.47128163358075315, 0.6795313831538995, 0.5622550321325765]], "fy": 1927.474676328361, "fx": 1929.4665803815235}, {"id": 46, "img_name": "0047", "width": 1919, "height": 1073, "position": [3.5604909924222143, 0.9609128149131269, 1.1829739932842183], "rotation": [[0.24285275551342198, 0.4887919415694195, -0.8379170466080371], [-0.8405126922019256, 0.5372754955418377, 0.06981014351613686], [0.48431493202977866, 0.6873263269707262, 0.5413146652972938]], "fy": 1927.474676328361, "fx": 1929.4665803815235}, {"id": 47, "img_name": "0048", "width": 1919, "height": 1073, "position": [3.5539511938463715, 0.6608003648864863, 1.3115633354695158], "rotation": [[0.18007685276419708, 0.49432485058490827, -0.8504206425015504], [-0.8480941904518939, 0.5159963606525036, 0.12034949071399356], [0.49830570056972867, 0.699564648826382, 0.5121530346411438]], "fy": 1927.474676328361, "fx": 1929.4665803815235}, {"id": 48, "img_name": "0049", "width": 1919, "height": 1073, "position": [3.5431914993221203, 0.33728166805202775, 1.386779611808092], "rotation": [[0.1122992968657616, 0.503428946271293, -0.8567077471224545], [-0.8556480498731378, 0.48735258779096424, 0.1742236204472481], [0.5052279511980229, 0.7134751230629041, 0.4854873490613552]], "fy": 1927.474676328361, "fx": 1929.4665803815235}, {"id": 49, "img_name": "0050", "width": 1919, "height": 1073, "position": [3.6464449275760846, 0.17034417687568457, 1.4573855584143827], "rotation": [[0.0488145190008983, 0.5071970449989758, -0.8604465702639633], [-0.8576834703080695, 0.4627621602120861, 0.22412105620880488], [0.5118556510335873, 0.7270504388418663, 0.4576040339472894]], "fy": 1927.474676328361, "fx": 1929.4665803815235}, {"id": 50, "img_name": "0051", "width": 1919, "height": 1073, "position": [3.674512059949622, 0.09168595498237934, 1.5099170332726022], "rotation": [[0.009523030087830292, 0.5083284904672071, -0.8611105954970458], [-0.8606218252883432, 0.44264551319216144, 0.2517836839197656], [0.5091555614302045, 0.7386928288742071, 0.4416939198523279]], "fy": 1927.474676328361, "fx": 1929.4665803815235}, {"id": 51, "img_name": "0052", "width": 1919, "height": 1073, "position": [3.660170923732266, -0.0014866375785442326, 1.5773649989731564], "rotation": [[-0.02285059463761173, 0.5066723682031415, -0.8618358089706688], [-0.8643121439602058, 0.4232318963605829, 0.27173383982481214], [0.502436431927084, 0.7511044356162759, 0.4282519803456091]], "fy": 1927.474676328361, "fx": 1929.4665803815235}, {"id": 52, "img_name": "0053", "width": 1919, "height": 1073, "position": [3.7099282469268933, -0.1077656465599065, 1.5524258407988856], "rotation": [[-0.04581501080198511, 0.5095539328302019, -0.8592181180133991], [-0.8717422956118069, 0.39962983748178543, 0.2834807983545594], [0.48781795254651134, 0.7620044504670268, 0.4258906698224013]], "fy": 1927.474676328361, "fx": 1929.4665803815235}, {"id": 53, "img_name": "0054", "width": 1919, "height": 1073, "position": [3.7337130046069005, -0.08261791904050092, 1.4601744262234957], "rotation": [[-0.05340662281227841, 0.5076767719399548, -0.8598907069345584], [-0.8696647101858975, 0.3995475232184705, 0.2899052751283853], [0.49074537643982546, 0.7632994641178606, 0.4201700888691637]], "fy": 1927.474676328361, "fx": 1929.4665803815235}, {"id": 54, "img_name": "0055", "width": 1919, "height": 1073, "position": [3.70007159814427, -0.23851985068169992, 1.497751676350838], "rotation": [[-0.057023793572501, 0.5131228247453561, -0.8564188541198443], [-0.8687857922972734, 0.39713766805368406, 0.29579202104735813], [0.4918938239793213, 0.7609117158634293, 0.42314752343925144]], "fy": 1927.474676328361, "fx": 1929.4665803815235}, {"id": 55, "img_name": "0056", "width": 1919, "height": 1073, "position": [3.531301154477166, -0.3211769590651491, 1.4501468542117186], "rotation": [[-0.053347878156899065, 0.5206836577336176, -0.8520812945167249], [-0.8649896513009534, 0.4022600739430814, 0.2999662248546687], [0.4989457956916879, 0.7530440634388187, 0.42892625412900626]], "fy": 1927.474676328361, "fx": 1929.4665803815235}, {"id": 56, "img_name": "0057", "width": 1919, "height": 1073, "position": [3.335082424803291, -0.19258087764953533, 1.367376866588719], "rotation": [[-0.04920972272041326, 0.5215621859621871, -0.8517929850404525], [-0.8667753210880321, 0.4014405740637061, 0.29588174706821746], [0.49626499568528737, 0.7528733968402304, 0.4323224518663523]], "fy": 1927.474676328361, "fx": 1929.4665803815235}, {"id": 57, "img_name": "0058", "width": 1919, "height": 1073, "position": [3.3406546632269607, -0.11674640181275936, 1.4921825312729131], "rotation": [[-0.036765797521933236, 0.5373256284831036, -0.8425731096515091], [-0.8701735309408162, 0.3973633826841888, 0.29137667743278867], [0.4913718573367513, 0.7438975138263448, 0.452957157731738]], "fy": 1927.474676328361, "fx": 1929.4665803815235}, {"id": 58, "img_name": "0059", "width": 1919, "height": 1073, "position": [3.6936854915765256, -0.2566891260624291, 1.4665140689777758], "rotation": [[-0.04288295836860435, 0.562114100908208, -0.8259472074180729], [-0.8766626706069736, 0.3753443066968349, 0.30096380744953555], [0.4791905819669303, 0.7369833030608152, 0.4766885746100546]], "fy": 1927.474676328361, "fx": 1929.4665803815235}, {"id": 59, "img_name": "0060", "width": 1919, "height": 1073, "position": [3.7473043768211554, -0.4968660592791191, 1.48574996833194], "rotation": [[-0.052735058257438176, 0.5672301967730897, -0.8218691608153615], [-0.8756887917413073, 0.3693197217912749, 0.3110821163530053], [0.4799876598926624, 0.7361065459325689, 0.4772410286071271]], "fy": 1927.474676328361, "fx": 1929.4665803815235}, {"id": 60, "img_name": "0061", "width": 1919, "height": 1073, "position": [3.626207733150864, -0.39678572748437074, 1.5522524001739235], "rotation": [[-0.1005411121017633, 0.563836785354938, -0.8197435966556555], [-0.8606011510672347, 0.36415705347812916, 0.3560271045635114], [0.49925659090200414, 0.7412676438930386, 0.44862583135411654]], "fy": 1927.474676328361, "fx": 1929.4665803815235}, {"id": 61, "img_name": "0062", "width": 1919, "height": 1073, "position": [3.550941648709746, -0.4364216311436941, 1.6343375421390711], "rotation": [[-0.1276187955736115, 0.5613012586605155, -0.8177128713934136], [-0.8547585684776876, 0.35595321927383994, 0.3777368069205906], [0.5030916741810727, 0.7471533997210417, 0.43435073921310957]], "fy": 1927.474676328361, "fx": 1929.4665803815235}, {"id": 62, "img_name": "0063", "width": 1919, "height": 1073, "position": [3.5512414890858595, -0.661384854169915, 1.7517176789305338], "rotation": [[-0.18409404659328357, 0.5581680149265241, -0.8090474949728809], [-0.8399569139815664, 0.33814603585678843, 0.42441682470055697], [0.5104720997894732, 0.7576976478433355, 0.40658641122054623]], "fy": 1927.474676328361, "fx": 1929.4665803815235}, {"id": 63, "img_name": "0064", "width": 1919, "height": 1073, "position": [3.494343568828715, -0.846531334484073, 1.840864265024151], "rotation": [[-0.2504482342502445, 0.5526871155101022, -0.794866425451508], [-0.8183843491026623, 0.3177776061263152, 0.4788156745433887], [0.5172260038945709, 0.7704247824374235, 0.37272364494555754]], "fy": 1927.474676328361, "fx": 1929.4665803815235}, {"id": 64, "img_name": "0065", "width": 1919, "height": 1073, "position": [3.4942591503686504, -1.0740367613516384, 1.894331076931214], "rotation": [[-0.3279241271265599, 0.541848264334389, -0.7738644747538765], [-0.7906614741977024, 0.29090472137607637, 0.5387289451111972], [0.5170301732663186, 0.7885270455215325, 0.33302387063584976]], "fy": 1927.474676328361, "fx": 1929.4665803815235}, {"id": 65, "img_name": "0066", "width": 1919, "height": 1073, "position": [3.5220290573285573, -1.3169025919858597, 1.9942183343246331], "rotation": [[-0.3874564680204656, 0.5310727564395413, -0.7535510684464682], [-0.7669676151678251, 0.2678370292846811, 0.583115771547757], [0.5115057797062366, 0.8038812431644768, 0.3035404161153015]], "fy": 1927.474676328361, "fx": 1929.4665803815235}, {"id": 66, "img_name": "0067", "width": 1919, "height": 1073, "position": [3.5148915697010623, -1.620187575330193, 2.0574460043672413], "rotation": [[-0.4546659531388837, 0.513141974139628, -0.727986390966476], [-0.735303796414461, 0.24497549402808608, 0.6319140244559981], [0.5026004357686039, 0.8226009492468266, 0.26593322519653134]], "fy": 1927.474676328361, "fx": 1929.4665803815235}, {"id": 67, "img_name": "0068", "width": 1919, "height": 1073, "position": [3.39638680187661, -1.939869364317546, 2.1775086413220106], "rotation": [[-0.5081387165720299, 0.4978891158611878, -0.7027812412319319], [-0.7111430125175098, 0.2177746904568931, 0.6684682490170533], [0.48587103275257193, 0.8394525671551486, 0.243410614042568]], "fy": 1927.474676328361, "fx": 1929.4665803815235}, {"id": 68, "img_name": "0069", "width": 1919, "height": 1073, "position": [3.314342616741547, -2.13183866114882, 2.2377100602252824], "rotation": [[-0.55706199424903, 0.48063499850440866, -0.6772532264788114], [-0.6808048769136857, 0.20272295764316373, 0.7038523439010123], [0.47559084740334767, 0.8531666898426562, 0.2142893959324413]], "fy": 1927.474676328361, "fx": 1929.4665803815235}, {"id": 69, "img_name": "0070", "width": 1919, "height": 1073, "position": [3.229957559035139, -2.350137812736448, 2.329766256738327], "rotation": [[-0.6030373315550968, 0.4616971581355236, -0.6505241816569849], [-0.6549612062719266, 0.17896177078573683, 0.7341651741100612], [0.4553809339769635, 0.8687971102431309, 0.19447309891975723]], "fy": 1927.474676328361, "fx": 1929.4665803815235}, {"id": 70, "img_name": "0071", "width": 1919, "height": 1073, "position": [3.102105270483062, -2.5109498931094665, 2.3872492855974805], "rotation": [[-0.6454232773142726, 0.44529126499470906, -0.6206000986306036], [-0.6262564975127739, 0.15666295093805785, 0.763714291555692], [0.4373003457852921, 0.8815738251121067, 0.17775263276045294]], "fy": 1927.474676328361, "fx": 1929.4665803815235}, {"id": 71, "img_name": "0072", "width": 1919, "height": 1073, "position": [2.8983625125712247, -2.456109819959125, 2.5278119179527008], "rotation": [[-0.6576671580980946, 0.4374141201395484, -0.6133048154561644], [-0.617866840840214, 0.15253163888164972, 0.7713460093435444], [0.43094602463569476, 0.8862296466732663, 0.16994863108618555]], "fy": 1927.474676328361, "fx": 1929.4665803815235}, {"id": 72, "img_name": "0073", "width": 1919, "height": 1073, "position": [2.6556885851662617, -2.273752458548598, 2.617831381896608], "rotation": [[-0.670892605851171, 0.42737721588343186, -0.6060130582404567], [-0.6110364407440231, 0.14443594909739582, 0.7783140270425621], [0.4201637531928481, 0.8924611879247527, 0.1642420425799634]], "fy": 1927.474676328361, "fx": 1929.4665803815235}, {"id": 73, "img_name": "0074", "width": 1919, "height": 1073, "position": [2.607970097535035, -2.007421499356205, 2.636744251442087], "rotation": [[-0.6743461576751587, 0.4251475944877081, -0.6037439710092887], [-0.6100332562377027, 0.13994685023263417, 0.779919422372587], [0.41607293340564083, 0.894239566341861, 0.1649815507138456]], "fy": 1927.474676328361, "fx": 1929.4665803815235}, {"id": 74, "img_name": "0075", "width": 1919, "height": 1073, "position": [2.573816516946315, -1.8265449262779958, 2.6731834514234767], "rotation": [[-0.6747278520632051, 0.42677940830294386, -0.6021641489650165], [-0.6105282759989228, 0.13570702151657343, 0.7802812496253407], [0.41472587314508913, 0.8941157313008696, 0.16899558924526414]], "fy": 1927.474676328361, "fx": 1929.4665803815235}, {"id": 75, "img_name": "0076", "width": 1919, "height": 1073, "position": [2.386508815488442, -1.797899021028038, 2.627188757303887], "rotation": [[-0.6748092104090918, 0.4248012001304197, -0.6034703554565155], [-0.620134157681249, 0.11690548626413638, 0.7757362527034001], [0.4000826864837141, 0.8977065487391194, 0.18454483554646875]], "fy": 1927.474676328361, "fx": 1929.4665803815235}, {"id": 76, "img_name": "0077", "width": 1919, "height": 1073, "position": [2.2548420473823496, -1.6461437352118897, 2.5586183095526778], "rotation": [[-0.6707781978456776, 0.42941139078724705, -0.6047003115238714], [-0.625083694210585, 0.11148287305513187, 0.7725554635412405], [0.39915784412554484, 0.8962016661876586, 0.1936377778108177]], "fy": 1927.474676328361, "fx": 1929.4665803815235}, {"id": 77, "img_name": "0078", "width": 1919, "height": 1073, "position": [2.084060779170927, -1.755511446816213, 2.5183757302716305], "rotation": [[-0.6889556230358627, 0.41372727621980315, -0.5951217441826581], [-0.6132691307555937, 0.10488405870181947, 0.7828794974276129], [0.38631738603063775, 0.9043390266608954, 0.18146570504775603]], "fy": 1927.474676328361, "fx": 1929.4665803815235}, {"id": 78, "img_name": "0079", "width": 1919, "height": 1073, "position": [2.027432043698839, -1.8893411380723233, 2.600485778810121], "rotation": [[-0.7002242312691604, 0.41735279176619117, -0.579225925825562], [-0.6008290021826656, 0.09371516836313488, 0.7938652135941285], [0.38560411833860836, 0.9038993939723798, 0.18513602970969473]], "fy": 1927.474676328361, "fx": 1929.4665803815235}, {"id": 79, "img_name": "0080", "width": 1919, "height": 1073, "position": [1.9915976986183315, -2.0143136358659746, 2.8227643554494413], "rotation": [[-0.7316743521796212, 0.40770373000348736, -0.5462877546712669], [-0.5637969650007295, 0.08848090558748631, 0.8211602228568944], [0.383126121033919, 0.9088172521952151, 0.1651229163194532]], "fy": 1927.474676328361, "fx": 1929.4665803815235}, {"id": 80, "img_name": "0081", "width": 1919, "height": 1073, "position": [1.9834108488440705, -1.9832801893040608, 2.838407255834041], "rotation": [[-0.749948265401204, 0.40305872265093656, -0.5245200332844503], [-0.5405443156428443, 0.08365890675926942, 0.8371457639778469], [0.3812996748594661, 0.9113423360158571, 0.15513124938975414]], "fy": 1927.474676328361, "fx": 1929.4665803815235}, {"id": 81, "img_name": "0082", "width": 1919, "height": 1073, "position": [1.9429588730226162, -1.922559658428783, 2.832162661818317], "rotation": [[-0.7654227586953916, 0.3962931148848575, -0.5070303418593344], [-0.5231296692135674, 0.07568968159646962, 0.8488853993845862], [0.3747844042374762, 0.914998819231305, 0.1493780812089844]], "fy": 1927.474676328361, "fx": 1929.4665803815235}, {"id": 82, "img_name": "0083", "width": 1919, "height": 1073, "position": [1.7899420074138834, -1.9244851511090504, 2.8340940273488058], "rotation": [[-0.7902497163379407, 0.3839746433499681, -0.4775655547587875], [-0.4898265550214034, 0.07246594412227077, 0.8688029885643418], [0.3682055564812511, 0.9204956057509089, 0.1308147849809016]], "fy": 1927.474676328361, "fx": 1929.4665803815235}, {"id": 83, "img_name": "0084", "width": 1919, "height": 1073, "position": [1.5487180242770044, -2.0137782219713074, 2.8790036812557327], "rotation": [[-0.8187441365736773, 0.3694794391288045, -0.439480355519205], [-0.44986155550495444, 0.06280695632689477, 0.8908871236669736], [0.35676689827517033, 0.9271139251990638, 0.11479176798489833]], "fy": 1927.474676328361, "fx": 1929.4665803815235}, {"id": 84, "img_name": "0085", "width": 1919, "height": 1073, "position": [1.4049704819819009, -2.189903851122248, 2.9894771173743946], "rotation": [[-0.8466427071608807, 0.355496143056755, -0.39600330640420855], [-0.40416536266004804, 0.054544620704220094, 0.9130581821429039], [0.346188512283649, 0.9330848710722961, 0.09749942224869776]], "fy": 1927.474676328361, "fx": 1929.4665803815235}, {"id": 85, "img_name": "0086", "width": 1919, "height": 1073, "position": [1.2030241260114876, -2.3242038861547782, 3.0509739230443174], "rotation": [[-0.8739873566010489, 0.3362841723615915, -0.3507977421828573], [-0.3568145932109321, 0.045967493848710836, 0.9330435871817488], [0.32989308354863706, 0.9406380520308268, 0.07981609172606659]], "fy": 1927.474676328361, "fx": 1929.4665803815235}, {"id": 86, "img_name": "0087", "width": 1919, "height": 1073, "position": [0.9876985780220159, -2.4903395804420514, 3.125387595910234], "rotation": [[-0.8964794376817032, 0.3139626701234562, -0.31265325775185215], [-0.3137750840373567, 0.04836604808039667, 0.9482646898574439], [0.3128415165083528, 0.9482025981624574, 0.05515449561658056]], "fy": 1927.474676328361, "fx": 1929.4665803815235}, {"id": 87, "img_name": "0088", "width": 1919, "height": 1073, "position": [0.7954225990586936, -2.6656944027775156, 3.1665803376584916], "rotation": [[-0.9238994704651471, 0.28642774716702246, -0.25371029566622805], [-0.2547745409242186, 0.034208800343308345, 0.966395204497583], [0.28548152614674444, 0.9574909418014858, 0.041369005270005685]], "fy": 1927.474676328361, "fx": 1929.4665803815235}, {"id": 88, "img_name": "0089", "width": 1919, "height": 1073, "position": [0.6402938297822689, -2.7912247415623153, 3.263896633392309], "rotation": [[-0.942830922168842, 0.2623474383484045, -0.20553265870484327], [-0.20297453399083804, 0.0371223208710833, 0.9784800824975165], [0.2643315924240871, 0.9642591741254913, 0.018249777022526233]], "fy": 1927.474676328361, "fx": 1929.4665803815235}, {"id": 89, "img_name": "0090", "width": 1919, "height": 1073, "position": [0.4583334240395346, -2.935957303913912, 3.317394470114618], "rotation": [[-0.9579394874248449, 0.23736228201806894, -0.16127952600190787], [-0.15727214326968877, 0.03585343762083135, 0.9869042526821575], [0.24003627097500047, 0.9707593306715848, 0.0029850511674482673]], "fy": 1927.474676328361, "fx": 1929.4665803815235}, {"id": 90, "img_name": "0091", "width": 1919, "height": 1073, "position": [0.3797737517091802, -3.022789843229084, 3.3241355870451206], "rotation": [[-0.9727108266224946, 0.21164175642209507, -0.09508635396287386], [-0.08967038757923654, 0.0350650542663594, 0.9953540393049533], [0.21399268530202586, 0.9767180805677079, -0.015130159594673119]], "fy": 1927.474676328361, "fx": 1929.4665803815235}, {"id": 91, "img_name": "0092", "width": 1919, "height": 1073, "position": [0.24385373139331573, -3.1410522361215327, 3.4350048465526775], "rotation": [[-0.9830388572900107, 0.17984102493359372, -0.03594176969464736], [-0.030983692892815037, 0.0303035702871098, 0.9990604107873443], [0.18076121219075808, 0.9832288133383238, -0.024217448020775748]], "fy": 1927.474676328361, "fx": 1929.4665803815235}, {"id": 92, "img_name": "0093", "width": 1919, "height": 1073, "position": [0.055941568831963766, -3.255864257730844, 3.567146762132168], "rotation": [[-0.9880750346993574, 0.15150574990322457, 0.02745420824072287], [0.032754439313138456, 0.0325992001045414, 0.9989316487417075], [0.15044890331652586, 0.98791867069046, -0.03717294166526267]], "fy": 1927.474676328361, "fx": 1929.4665803815235}, {"id": 93, "img_name": "0094", "width": 1919, "height": 1073, "position": [-0.1558174258584004, -3.429419745135578, 3.5417075395846065], "rotation": [[-0.99006063618691, 0.120456087986915, 0.07259660832338254], [0.07816918378670411, 0.042194746395542146, 0.9960467770555436], [0.11691670273870408, 0.991821523381855, -0.051191311540191735]], "fy": 1927.474676328361, "fx": 1929.4665803815235}, {"id": 94, "img_name": "0095", "width": 1919, "height": 1073, "position": [-0.2585830685650466, -3.6637252598231522, 3.4124609934976076], "rotation": [[-0.9888144413568357, 0.092733541564062, 0.11681819564243702], [0.12141521077874591, 0.04556492440894916, 0.9915554368037923], [0.08662763505787864, 0.9946478411641946, -0.056314517770161526]], "fy": 1927.474676328361, "fx": 1929.4665803815235}, {"id": 95, "img_name": "0096", "width": 1919, "height": 1073, "position": [-0.21879497861278646, -3.610695120235202, 3.3274034498845904], "rotation": [[-0.9883866315369323, 0.0924515325630814, 0.12060091511184466], [0.12559424964239163, 0.050222249756312336, 0.9908096739970695], [0.08554502355976926, 0.9944498176158275, -0.06125038112539759]], "fy": 1927.474676328361, "fx": 1929.4665803815235}, {"id": 96, "img_name": "0097", "width": 1919, "height": 1073, "position": [-0.27956751064082264, -3.422831043719197, 3.256008955293373], "rotation": [[-0.988854065303352, 0.09012428084255822, 0.11851266403066915], [0.12290072751415426, 0.044788200621264276, 0.9914078011906106], [0.08404194613123958, 0.9949229272098022, -0.05536533394419969]], "fy": 1927.474676328361, "fx": 1929.4665803815235}, {"id": 97, "img_name": "0098", "width": 1919, "height": 1073, "position": [-0.3618714955060065, -3.2046966573431352, 3.2617228519186483], "rotation": [[-0.9908394756496814, 0.08728193588964052, 0.1030485184833862], [0.10577285234174076, 0.027173264222781327, 0.9940189723636924], [0.08395973559841893, 0.9958129730922548, -0.03615640219114712]], "fy": 1927.474676328361, "fx": 1929.4665803815235}, {"id": 98, "img_name": "0099", "width": 1919, "height": 1073, "position": [-0.3294567944468458, -2.8380677811923314, 3.181820661299555], "rotation": [[-0.9948807340372194, 0.08562068888212382, 0.05367888483299673], [0.056343981719655094, 0.029018357657660535, 0.9979896245166217], [0.08389088606957697, 0.9959051323063871, -0.0336940154962067]], "fy": 1927.474676328361, "fx": 1929.4665803815235}, {"id": 99, "img_name": "0100", "width": 1919, "height": 1073, "position": [-0.35521391978491185, -2.5141731672938246, 3.1166097560081343], "rotation": [[-0.9958936857632631, 0.0887631680700882, 0.017800748608533392], [0.020285881820970752, 0.027174232757736127, 0.9994248566414456], [0.0882283948375382, 0.9956820080066676, -0.028863285956415508]], "fy": 1927.474676328361, "fx": 1929.4665803815235}, {"id": 100, "img_name": "0106", "width": 1919, "height": 1073, "position": [-1.4704268206169506, -2.5352585189099632, 3.004546644337971], "rotation": [[-0.9282783128110855, -0.022019917519562747, 0.3712337500780817], [0.37132320266235785, 2.8425618195608866e-05, 0.9285036770829471], [-0.0204561269348182, 0.9997575318167978, 0.008150119410825994]], "fy": 1927.474676328361, "fx": 1929.4665803815235}, {"id": 101, "img_name": "0107", "width": 1919, "height": 1073, "position": [-1.8075846293075122, -2.5655383735756505, 3.028146011382446], "rotation": [[-0.8964753445229225, -0.05300608114483031, 0.4399117093510639], [0.4400960080554165, 0.00877198699055232